22,23c22,23
< 0x0540 : 70 03 ff 00 00 00 00 00 00 03 70 03 ff 00 03 70 03 ff 00 00 00 00 00 00 03 70 03 ff 00 00 00 00 00 00 00 00 00 00 00 00 00 00 00 00 03 70 03 ff 00 03 70 03 ff 00 00 00 00 00 00 00 00 00 00 00
< 0x0580 : 03 70 03 ff 00 03 70 03 ff 00 00 00 00 00 00 03 70 03 ff 00 03 70 03 ff 00 03 70 03 ff 00 03 70 03 ff 00 03 70 03 ff 00 03 70 03 ff 00 00 00 00 00 00 00 00 00 00 00 00 00 00 00 00 00 00 00 00
---
> 0x0540 : 70 03 ff 00 00 00 00 04 00 03 70 03 ff 00 03 70 03 ff 00 00 00 00 00 00 03 70 03 ff 00 00 00 00 00 00 03 70 03 ff 00 00 00 00 00 00 03 70 03 ff 00 00 00 00 00 00 00 00 00 00 00 03 70 03 ff 00 
> 0x0580 : 03 70 03 ff 00 03 70 03 ff 00 00 00 00 00 00 03 70 03 ff 00 03 70 03 ff 00 03 70 03 ff 00 03 70 03 ff 00 00 00 00 00 00 03 70 03 ff 00 00 00 00 00 00 00 00 00 00 00 00 00 00 00 00 00 00 00 00 
56c56
< 0x0dc0 : 03 02 0a 94 ff c9 02 04 0b 64 04 00 00 09 00 54 02 03 02 01 ff ff ff fc 08 54 02 05 0f 09 01 6a 02 90 00 00 00 00 0f 09 ff c5 09 00 00 09 00 00 09 00 00 09 00 00 09 00 00 09 00 00 09 00 00 09
---
> 0x0dc0 : 03 02 0a 94 ff c9 02 04 90 00 00 00 00 09 00 54 02 03 02 01 ff ff ff fc 08 54 02 05 0f 09 01 6a 02 90 00 00 00 00 0f 09 ff c5 09 00 00 09 00 00 09 00 00 09 00 00 09 00 00 09 00 00 09 00 00 09 
